File: C:\MED-PC IV\DATA\C1_



Start Date: 03/18/24
End Date: 03/18/24
Subject: C1
Experiment: 0
Group: 0
Box: 5
Start Time: 11:18:12
End Time: 12:10:10
MSN: Cx5-REP3-FR12-RESP (tempo)
D:       0.000
G:     599.000
H:     599.000
I:       0.000
J:       0.000
L:       0.000
O:      45.000
P:      45.000
Q:       0.000
R:       0.000
S:     599.000
U:       0.000
V:       0.000
W:       0.000
X:       0.000
Y:       0.000
Z:   10000.000
A:
     0:        4.000        9.000       29.000       12.000       91.000
     5:       27.000        8.000      110.000        7.000       17.000
    10:       23.000       22.000      165.000      574.000       68.000
    15:       45.000       22.000      172.000       93.000      134.000
    20:        9.000       54.000       30.000      153.000       78.000
    25:       31.000       28.000      867.000      197.000      185.000
    30:      122.000       41.000       93.000        4.000       31.000
    35:      141.000      193.000       43.000       83.000      322.000
    40:       29.000      202.000       33.000      138.000      147.000
    45:       25.000       12.000      131.000      135.000       52.000
    50:       34.000      580.000      230.000      403.000       14.000
    55:      227.000        6.000      167.000       24.000       59.000
    60:       64.000       25.000        2.000       35.000     2359.000
    65:       42.000      216.000      181.000       21.000      101.000
    70:       76.000      234.000      256.000        4.000        3.000
    75:       20.000      128.000      385.000      372.000       49.000
    80:       55.000      246.000       60.000       52.000        8.000
    85:       17.000        8.000       10.000       44.000        8.000
    90:      360.000      204.000       10.000       75.000      157.000
    95:       33.000       11.000       44.000       49.000       88.000
   100:      104.000        8.000       27.000      155.000      585.000
   105:       97.000      275.000      187.000        6.000       70.000
   110:       33.000      103.000       23.000       35.000       19.000
   115:      188.000       65.000       48.000       50.000      370.000
   120:      168.000       59.000       94.000       80.000      125.000
   125:       30.000       52.000       28.000       74.000       14.000
   130:       57.000       56.000       26.000       24.000      371.000
   135:       10.000       15.000      127.000       34.000       27.000
   140:      136.000       38.000      145.000      209.000       59.000
   145:       25.000      108.000        7.000      318.000      513.000
   150:       13.000        6.000        7.000      195.000       39.000
   155:       68.000      102.000      156.000       56.000        6.000
   160:       97.000     1289.000       49.000        3.000       75.000
   165:       23.000       44.000        4.000       46.000       14.000
   170:       87.000       38.000       29.000       31.000       18.000
   175:     1240.000       97.000       30.000      108.000       48.000
   180:       91.000       24.000       34.000       60.000       50.000
   185:       19.000        8.000       78.000      966.000      152.000
   190:       97.000       32.000       14.000       11.000       21.000
   195:       54.000       22.000       60.000       32.000       53.000
   200:      480.000      276.000      331.000       25.000       23.000
   205:       58.000       92.000      180.000       94.000       69.000
   210:       63.000       11.000       56.000      152.000      104.000
   215:        2.000      479.000      518.000      826.000       79.000
   220:       62.000      168.000       63.000       11.000       39.000
   225:      152.000       11.000       34.000       72.000      375.000
   230:      409.000      143.000       44.000      104.000       99.000
   235:      167.000       71.000      104.000       76.000       49.000
   240:      178.000       80.000      953.000     2452.000       28.000
   245:      178.000       25.000      163.000      184.000        3.000
   250:       76.000       31.000       26.000       39.000       36.000
   255:       72.000        5.000      784.000      186.000       30.000
   260:        5.000      453.000      118.000       26.000       41.000
   265:       48.000       97.000      177.000        1.000       47.000
   270:     1909.000       92.000      212.000       61.000      193.000
   275:      115.000       25.000       48.000       22.000       29.000
   280:       56.000       14.000      555.000      261.000       72.000
   285:       95.000       12.000      189.000       86.000      264.000
   290:       75.000      265.000      300.000       99.000       38.000
   295:      554.000      323.000      118.000       97.000        1.000
   300:      107.000      153.000       38.000        8.000       39.000
   305:       51.000       18.000      131.000       68.000      870.000
   310:       20.000       32.000       47.000      131.000       36.000
   315:       49.000       84.000      229.000       24.000       31.000
   320:       31.000     2113.000      464.000       96.000      104.000
   325:       28.000       96.000       13.000      188.000       22.000
   330:       35.000       78.000       30.000       20.000      709.000
   335:      301.000       35.000      196.000      253.000       67.000
   340:       60.000      112.000       30.000       24.000       34.000
   345:      299.000       75.000     1591.000       16.000       54.000
   350:       12.000       14.000       26.000      141.000       25.000
   355:       62.000      202.000       18.000        5.000      873.000
   360:      162.000      234.000       26.000      119.000      133.000
   365:      104.000       19.000       21.000       90.000       57.000
   370:       15.000      191.000     1479.000      182.000      135.000
   375:       89.000       78.000      290.000        5.000       28.000
   380:       16.000      221.000      109.000      219.000       77.000
   385:      719.000      497.000      268.000     2149.000       51.000
   390:       69.000       28.000       96.000      110.000       50.000
   395:      292.000      176.000     1657.000       89.000      146.000
   400:      108.000      158.000       89.000       11.000       12.000
   405:      141.000       96.000       34.000       98.000       86.000
   410:      121.000       54.000      608.000       49.000      145.000
   415:      115.000       54.000       10.000       21.000      100.000
   420:        6.000       17.000       21.000       25.000        5.000
   425:      641.000      121.000       77.000      423.000       16.000
   430:      143.000      118.000       38.000       21.000       34.000
   435:       47.000       72.000      701.000      972.000      295.000
   440:      573.000      627.000      253.000        7.000        1.000
   445:       43.000       44.000       44.000       16.000      128.000
   450:       35.000     1709.000      518.000       89.000       30.000
   455:       32.000      324.000       13.000      287.000       81.000
   460:       53.000       28.000       73.000      218.000     5966.000
   465:      125.000        9.000       62.000        7.000       49.000
   470:       57.000       41.000       66.000       44.000       30.000
   475:       11.000       73.000     3031.000      145.000      129.000
   480:      101.000       34.000      323.000      175.000      105.000
   485:      145.000      138.000       26.000       85.000      119.000
   490:      121.000      858.000     4264.000       22.000      242.000
   495:       17.000      265.000      364.000      114.000       15.000
   500:       39.000       33.000        4.000       94.000      152.000
   505:     8546.000      101.000       21.000       28.000       81.000
   510:       93.000       27.000       91.000      150.000       45.000
   515:      102.000      163.000     1125.000      113.000      586.000
   520:      267.000       62.000        6.000      113.000       78.000
   525:       22.000       77.000       64.000       74.000      116.000
   530:    12850.000      163.000      135.000      216.000      296.000
   535:      139.000      231.000       12.000       32.000       35.000
   540:       73.000       94.000       12.000      109.000     4292.000
   545:      415.000      270.000      329.000       44.000      118.000
   550:      337.000       41.000        6.000      196.000      130.000
   555:       52.000     2488.000      128.000       27.000       52.000
   560:       40.000       14.000      134.000       21.000        1.000
   565:      138.000       16.000       75.000       35.000       38.000
   570:      183.000       92.000     1102.000       86.000      338.000
   575:       26.000      395.000      207.000    17821.000      222.000
   580:      249.000      107.000     5011.000        3.000      114.000
   585:      108.000      878.000       71.000      108.000      114.000
   590:      165.000       21.000       75.000      249.000      161.000
   595:        6.000        4.000      142.000       80.000        0.000
   600:        0.000        0.000        0.000        0.000        0.000
   605:        0.000        0.000        0.000        0.000        0.000
   610:        0.000        0.000        0.000        0.000        0.000
   615:        0.000        0.000        0.000        0.000        0.000
   620:        0.000        0.000        0.000        0.000        0.000
   625:        0.000        0.000        0.000        0.000        0.000
   630:        0.000        0.000        0.000        0.000        0.000
   635:        0.000        0.000        0.000        0.000        0.000
   640:        0.000        0.000        0.000        0.000        0.000
   645:        0.000        0.000        0.000        0.000        0.000
   650:        0.000        0.000        0.000        0.000        0.000
   655:        0.000        0.000        0.000        0.000        0.000
   660:        0.000        0.000        0.000        0.000        0.000
   665:        0.000        0.000        0.000        0.000        0.000
   670:        0.000        0.000        0.000        0.000        0.000
   675:        0.000        0.000        0.000        0.000        0.000
   680:        0.000        0.000        0.000        0.000        0.000
   685:        0.000        0.000        0.000        0.000        0.000
   690:        0.000        0.000        0.000        0.000        0.000
   695:        0.000        0.000        0.000        0.000        0.000
   700:        0.000        0.000        0.000        0.000        0.000
   705:        0.000        0.000        0.000        0.000        0.000
   710:        0.000        0.000        0.000        0.000        0.000
   715:        0.000        0.000        0.000        0.000        0.000
   720:        0.000        0.000        0.000        0.000        0.000
   725:        0.000        0.000        0.000        0.000        0.000
   730:        0.000        0.000        0.000        0.000        0.000
   735:        0.000        0.000        0.000        0.000        0.000
   740:        0.000        0.000        0.000        0.000        0.000
   745:        0.000        0.000        0.000        0.000        0.000
   750:        0.000        0.000        0.000        0.000        0.000
   755:        0.000        0.000        0.000        0.000        0.000
   760:        0.000        0.000        0.000        0.000        0.000
   765:        0.000        0.000        0.000        0.000        0.000
   770:        0.000        0.000        0.000        0.000        0.000
   775:        0.000        0.000        0.000        0.000        0.000
   780:        0.000        0.000        0.000        0.000        0.000
   785:        0.000        0.000        0.000        0.000        0.000
   790:        0.000        0.000        0.000        0.000        0.000
   795:        0.000        0.000        0.000        0.000        0.000
B:
     0:        3.000        0.000
C:
     0:        9.000        9.000      770.000        2.000       22.000
     5:      554.000        0.000        0.000      701.000       58.000
    10:      599.000       26.100     1366.000        0.000        0.000
    15:       45.000        7.513        1.961        0.000        0.000
    20:      492.000       82.137       21.438        0.000        0.000
    25:       59.000        9.850        2.571        0.000        0.000
    30:     1377.000     3000.000        0.000        0.000        0.000
    35:     5555.000        0.000        0.000        0.000        0.000
    40:       55.000        0.000        0.000        0.000        0.000
    45:        0.000        0.000        0.000        0.000        0.000
    50:        0.000        0.000        0.000        0.000        0.000
    55:        0.000        0.000        0.000        0.000        0.000
    60:        0.000        0.000        0.000        0.000        0.000
E:
     0:        3.000        2.000        2.000        2.000        2.000
     5:        2.000        2.000        2.000        2.000        2.000
    10:        2.000        2.000        1.000        2.000        2.000
    15:        2.000        3.000        2.000        2.000        2.000
    20:        2.000        3.000        2.000        2.000        2.000
    25:        2.000        1.000        2.000        2.000        2.000
    30:        2.000        2.000        2.000        2.000        2.000
    35:        2.000        2.000        2.000        1.000        2.000
    40:        2.000        2.000        2.000        2.000        2.000
    45:        2.000        2.000        2.000        2.000        2.000
    50:        1.000        3.000        2.000        2.000        2.000
    55:        2.000        2.000        2.000        2.000        2.000
    60:        2.000        2.000        2.000        1.000        2.000
    65:        2.000        2.000        3.000        2.000        2.000
    70:        2.000        2.000        2.000        2.000        2.000
    75:        2.000        1.000        2.000        3.000        2.000
    80:        2.000        2.000        2.000        2.000        2.000
    85:        2.000        2.000        2.000        2.000        1.000
    90:        2.000        3.000        3.000        2.000        2.000
    95:        2.000        2.000        2.000        2.000        2.000
   100:        2.000        2.000        2.000        1.000        2.000
   105:        3.000        3.000        2.000        2.000        3.000
   110:        2.000        2.000        2.000        2.000        2.000
   115:        2.000        2.000        2.000        1.000        2.000
   120:        3.000        3.000        2.000        3.000        2.000
   125:        2.000        2.000        2.000        2.000        2.000
   130:        2.000        2.000        2.000        1.000        2.000
   135:        3.000        2.000        2.000        2.000        3.000
   140:        2.000        2.000        2.000        2.000        2.000
   145:        2.000        2.000        1.000        2.000        3.000
   150:        2.000        2.000        2.000        2.000        2.000
   155:        2.000        2.000        2.000        2.000        2.000
   160:        1.000        3.000        3.000        2.000        2.000
   165:        2.000        2.000        2.000        2.000        2.000
   170:        2.000        2.000        2.000        2.000        1.000
   175:        3.000        2.000        2.000        2.000        2.000
   180:        2.000        2.000        2.000        2.000        2.000
   185:        2.000        2.000        1.000        2.000        2.000
   190:        2.000        2.000        2.000        2.000        2.000
   195:        2.000        2.000        2.000        2.000        1.000
   200:        2.000        3.000        3.000        2.000        2.000
   205:        2.000        2.000        3.000        2.000        2.000
   210:        2.000        2.000        2.000        2.000        3.000
   215:        1.000        2.000        2.000        3.000        2.000
   220:        2.000        2.000        2.000        2.000        2.000
   225:        2.000        2.000        2.000        1.000        2.000
   230:        3.000        2.000        2.000        2.000        2.000
   235:        2.000        2.000        2.000        2.000        2.000
   240:        2.000        1.000        2.000        3.000        3.000
   245:        2.000        2.000        2.000        2.000        2.000
   250:        2.000        2.000        3.000        2.000        2.000
   255:        2.000        1.000        2.000        2.000        2.000
   260:        2.000        2.000        2.000        2.000        2.000
   265:        3.000        2.000        2.000        2.000        1.000
   270:        2.000        2.000        2.000        2.000        2.000
   275:        2.000        2.000        2.000        2.000        2.000
   280:        2.000        1.000        2.000        3.000        2.000
   285:        2.000        2.000        2.000        2.000        2.000
   290:        2.000        2.000        2.000        2.000        1.000
   295:        2.000        3.000        3.000        2.000        2.000
   300:        2.000        2.000        2.000        2.000        2.000
   305:        2.000        2.000        2.000        1.000        2.000
   310:        2.000        2.000        2.000        2.000        2.000
   315:        2.000        2.000        2.000        2.000        2.000
   320:        1.000        3.000        2.000        2.000        2.000
   325:        2.000        2.000        2.000        2.000        2.000
   330:        2.000        2.000        2.000        1.000        2.000
   335:        2.000        2.000        3.000        2.000        2.000
   340:        2.000        2.000        2.000        2.000        2.000
   345:        2.000        1.000        2.000        2.000        2.000
   350:        2.000        2.000        2.000        2.000        2.000
   355:        2.000        2.000        2.000        1.000        2.000
   360:        2.000        2.000        3.000        2.000        2.000
   365:        2.000        2.000        2.000        2.000        2.000
   370:        2.000        1.000        3.000        2.000        2.000
   375:        2.000        2.000        2.000        2.000        2.000
   380:        2.000        2.000        2.000        2.000        1.000
   385:        2.000        2.000        2.000        2.000        2.000
   390:        2.000        2.000        2.000        2.000        2.000
   395:        2.000        1.000        3.000        2.000        2.000
   400:        2.000        3.000        2.000        3.000        2.000
   405:        2.000        2.000        2.000        2.000        2.000
   410:        2.000        1.000        2.000        2.000        3.000
   415:        2.000        2.000        2.000        2.000        2.000
   420:        2.000        2.000        2.000        2.000        1.000
   425:        2.000        2.000        2.000        2.000        2.000
   430:        2.000        2.000        2.000        2.000        2.000
   435:        2.000        1.000        2.000        3.000        3.000
   440:        2.000        2.000        2.000        2.000        2.000
   445:        2.000        2.000        2.000        2.000        2.000
   450:        1.000        3.000        2.000        2.000        2.000
   455:        2.000        2.000        2.000        2.000        2.000
   460:        2.000        2.000        2.000        1.000        3.000
   465:        2.000        2.000        2.000        2.000        2.000
   470:        2.000        2.000        2.000        2.000        2.000
   475:        2.000        1.000        3.000        2.000        2.000
   480:        3.000        2.000        2.000        2.000        2.000
   485:        2.000        2.000        2.000        2.000        2.000
   490:        1.000        3.000        2.000        2.000        2.000
   495:        2.000        2.000        2.000        3.000        2.000
   500:        2.000        2.000        2.000        2.000        1.000
   505:        2.000        2.000        2.000        2.000        2.000
   510:        2.000        2.000        2.000        2.000        2.000
   515:        2.000        1.000        2.000        2.000        3.000
   520:        2.000        2.000        2.000        2.000        2.000
   525:        2.000        2.000        2.000        2.000        1.000
   530:        3.000        2.000        2.000        3.000        2.000
   535:        2.000        2.000        2.000        2.000        2.000
   540:        2.000        2.000        2.000        1.000        2.000
   545:        2.000        2.000        2.000        2.000        2.000
   550:        2.000        2.000        2.000        2.000        2.000
   555:        1.000        3.000        3.000        3.000        2.000
   560:        2.000        2.000        2.000        2.000        2.000
   565:        2.000        2.000        2.000        2.000        3.000
   570:        2.000        1.000        2.000        2.000        2.000
   575:        2.000        3.000        2.000        2.000        2.000
   580:        2.000        3.000        2.000        2.000        2.000
   585:        1.000        2.000        2.000        2.000        2.000
   590:        2.000        2.000        3.000        2.000        2.000
   595:        2.000        2.000        2.000        1.000        0.000
   600:        0.000        0.000        0.000        0.000        0.000
   605:        0.000        0.000        0.000        0.000        0.000
   610:        0.000        0.000        0.000        0.000        0.000
   615:        0.000        0.000        0.000        0.000        0.000
   620:        0.000        0.000        0.000        0.000        0.000
   625:        0.000        0.000        0.000        0.000        0.000
   630:        0.000        0.000        0.000        0.000        0.000
   635:        0.000        0.000        0.000        0.000        0.000
   640:        0.000        0.000        0.000        0.000        0.000
   645:        0.000        0.000        0.000        0.000        0.000
   650:        0.000        0.000        0.000        0.000        0.000
   655:        0.000        0.000        0.000        0.000        0.000
   660:        0.000        0.000        0.000        0.000        0.000
   665:        0.000        0.000        0.000        0.000        0.000
   670:        0.000        0.000        0.000        0.000        0.000
   675:        0.000        0.000        0.000        0.000        0.000
   680:        0.000        0.000        0.000        0.000        0.000
   685:        0.000        0.000        0.000        0.000        0.000
   690:        0.000        0.000        0.000        0.000        0.000
   695:        0.000        0.000        0.000        0.000        0.000
   700:        0.000        0.000        0.000        0.000        0.000
   705:        0.000        0.000        0.000        0.000        0.000
   710:        0.000        0.000        0.000        0.000        0.000
   715:        0.000        0.000        0.000        0.000        0.000
   720:        0.000        0.000        0.000        0.000        0.000
   725:        0.000        0.000        0.000        0.000        0.000
   730:        0.000        0.000        0.000        0.000        0.000
   735:        0.000        0.000        0.000        0.000        0.000
   740:        0.000        0.000        0.000        0.000        0.000
   745:        0.000        0.000        0.000        0.000        0.000
   750:        0.000        0.000        0.000        0.000        0.000
   755:        0.000        0.000        0.000        0.000        0.000
   760:        0.000        0.000        0.000        0.000        0.000
   765:        0.000        0.000        0.000        0.000        0.000
   770:        0.000        0.000        0.000        0.000        0.000
   775:        0.000        0.000        0.000        0.000        0.000
   780:        0.000        0.000        0.000        0.000        0.000
   785:        0.000        0.000        0.000        0.000        0.000
   790:        0.000        0.000        0.000        0.000        0.000
   795:        0.000        0.000        0.000        0.000        0.000
F:
     0:        3.000        3.000        3.000        3.000        3.000
     5:        3.000        3.000        3.000        3.000        3.000
    10:        3.000        3.000        3.000        3.000        3.000
    15:        3.000        6.000        6.000        6.000        6.000
    20:        6.000        3.000        3.000        3.000        3.000
    25:        3.000        3.000        3.000        3.000        3.000
    30:        3.000        3.000        3.000        3.000        3.000
    35:        3.000        3.000        3.000        3.000        3.000
    40:        3.000        3.000        3.000        3.000        3.000
    45:        3.000        3.000        3.000        3.000        3.000
    50:        3.000        6.000        6.000        3.000        3.000
    55:        3.000        3.000        3.000        3.000        3.000
    60:        3.000        3.000        3.000        3.000        3.000
    65:        3.000        3.000        6.000        3.000        3.000
    70:        3.000        3.000        3.000        3.000        3.000
    75:        3.000        3.000        3.000        6.000        3.000
    80:        3.000        3.000        3.000        3.000        3.000
    85:        3.000        3.000        3.000        3.000        3.000
    90:        3.000        4.000        6.000        6.000        6.000
    95:        6.000        6.000        6.000        6.000        6.000
   100:        6.000        6.000        6.000        6.000        6.000
   105:        5.000        3.000        3.000        3.000        6.000
   110:        3.000        3.000        3.000        3.000        3.000
   115:        3.000        3.000        3.000        3.000        3.000
   120:        6.000        5.000        6.000        3.000        3.000
   125:        3.000        3.000        3.000        3.000        3.000
   130:        3.000        3.000        3.000        3.000        3.000
   135:        1.000        1.000        1.000        1.000        3.000
   140:        3.000        3.000        3.000        3.000        3.000
   145:        3.000        3.000        3.000        3.000        2.000
   150:        3.000        3.000        3.000        3.000        3.000
   155:        3.000        3.000        3.000        3.000        3.000
   160:        3.000        5.000        6.000        6.000        6.000
   165:        6.000        6.000        6.000        6.000        6.000
   170:        6.000        6.000        6.000        6.000        6.000
   175:        5.000        6.000        6.000        6.000        6.000
   180:        6.000        6.000        6.000        6.000        6.000
   185:        6.000        6.000        6.000        6.000        6.000
   190:        6.000        6.000        6.000        6.000        6.000
   195:        6.000        6.000        6.000        6.000        6.000
   200:        6.000        3.000        4.000        6.000        6.000
   205:        6.000        6.000        3.000        6.000        6.000
   210:        6.000        6.000        6.000        6.000        5.000
   215:        6.000        6.000        6.000        3.000        3.000
   220:        3.000        3.000        3.000        3.000        3.000
   225:        3.000        3.000        3.000        3.000        3.000
   230:        6.000        3.000        3.000        3.000        3.000
   235:        3.000        3.000        3.000        3.000        3.000
   240:        3.000        3.000        3.000        6.000        5.000
   245:        5.000        6.000        6.000        6.000        6.000
   250:        6.000        6.000        5.000        6.000        6.000
   255:        6.000        6.000        6.000        6.000        6.000
   260:        6.000        6.000        6.000        6.000        6.000
   265:        3.000        3.000        3.000        3.000        3.000
   270:        3.000        3.000        3.000        3.000        3.000
   275:        3.000        3.000        3.000        3.000        3.000
   280:        3.000        3.000        3.000        2.000        3.000
   285:        3.000        3.000        3.000        3.000        3.000
   290:        3.000        3.000        3.000        3.000        3.000
   295:        3.000        6.000        5.000        6.000        6.000
   300:        6.000        6.000        6.000        6.000        6.000
   305:        6.000        6.000        6.000        6.000        6.000
   310:        6.000        6.000        6.000        6.000        6.000
   315:        6.000        6.000        6.000        6.000        6.000
   320:        6.000        5.000        5.000        6.000        6.000
   325:        6.000        6.000        6.000        6.000        6.000
   330:        6.000        6.000        6.000        6.000        6.000
   335:        6.000        6.000        3.000        3.000        3.000
   340:        3.000        3.000        3.000        3.000        3.000
   345:        3.000        3.000        3.000        3.000        3.000
   350:        3.000        3.000        3.000        3.000        3.000
   355:        3.000        3.000        3.000        3.000        3.000
   360:        3.000        3.000        6.000        3.000        3.000
   365:        3.000        3.000        3.000        3.000        3.000
   370:        3.000        3.000        2.000        3.000        3.000
   375:        3.000        3.000        3.000        3.000        3.000
   380:        3.000        3.000        3.000        3.000        3.000
   385:        3.000        3.000        3.000        3.000        3.000
   390:        3.000        3.000        3.000        3.000        3.000
   395:        3.000        3.000        2.000        3.000        3.000
   400:        2.000        1.000        1.000        3.000        3.000
   405:        3.000        3.000        3.000        3.000        3.000
   410:        3.000        3.000        3.000        3.000        6.000
   415:        6.000        6.000        6.000        6.000        6.000
   420:        6.000        6.000        6.000        6.000        6.000
   425:        6.000        6.000        6.000        6.000        6.000
   430:        6.000        6.000        6.000        6.000        6.000
   435:        6.000        6.000        6.000        3.000        2.000
   440:        3.000        3.000        3.000        3.000        3.000
   445:        3.000        3.000        3.000        3.000        3.000
   450:        3.000        2.000        3.000        3.000        3.000
   455:        3.000        3.000        3.000        3.000        3.000
   460:        3.000        3.000        3.000        3.000        6.000
   465:        6.000        6.000        6.000        6.000        6.000
   470:        6.000        6.000        6.000        6.000        6.000
   475:        6.000        6.000        3.000        3.000        3.000
   480:        6.000        6.000        6.000        6.000        6.000
   485:        6.000        6.000        6.000        6.000        6.000
   490:        6.000        3.000        6.000        6.000        6.000
   495:        6.000        6.000        6.000        3.000        3.000
   500:        3.000        3.000        3.000        3.000        3.000
   505:        3.000        3.000        3.000        3.000        3.000
   510:        3.000        3.000        3.000        3.000        3.000
   515:        3.000        3.000        3.000        3.000        6.000
   520:        6.000        3.000        6.000        6.000        6.000
   525:        6.000        6.000        6.000        6.000        6.000
   530:        3.000        3.000        3.000        6.000        3.000
   535:        3.000        3.000        3.000        3.000        3.000
   540:        3.000        3.000        3.000        3.000        3.000
   545:        3.000        3.000        3.000        3.000        3.000
   550:        3.000        3.000        3.000        3.000        3.000
   555:        3.000        1.000        5.000        6.000        6.000
   560:        6.000        6.000        6.000        6.000        6.000
   565:        6.000        6.000        6.000        6.000        5.000
   570:        6.000        5.000        6.000        6.000        5.000
   575:        6.000        3.000        3.000        3.000        3.000
   580:        3.000        6.000        6.000        6.000        6.000
   585:        6.000        6.000        6.000        6.000        6.000
   590:        6.000        6.000        3.000        3.000        3.000
   595:        3.000        3.000        3.000        3.000        0.000
   600:        0.000        0.000        0.000        0.000        0.000
   605:        0.000        0.000        0.000        0.000        0.000
   610:        0.000        0.000        0.000        0.000        0.000
   615:        0.000        0.000        0.000        0.000        0.000
   620:        0.000        0.000        0.000        0.000        0.000
   625:        0.000        0.000        0.000        0.000        0.000
   630:        0.000        0.000        0.000        0.000        0.000
   635:        0.000        0.000        0.000        0.000        0.000
   640:        0.000        0.000        0.000        0.000        0.000
   645:        0.000        0.000        0.000        0.000        0.000
   650:        0.000        0.000        0.000        0.000        0.000
   655:        0.000        0.000        0.000        0.000        0.000
   660:        0.000        0.000        0.000        0.000        0.000
   665:        0.000        0.000        0.000        0.000        0.000
   670:        0.000        0.000        0.000        0.000        0.000
   675:        0.000        0.000        0.000        0.000        0.000
   680:        0.000        0.000        0.000        0.000        0.000
   685:        0.000        0.000        0.000        0.000        0.000
   690:        0.000        0.000        0.000        0.000        0.000
   695:        0.000        0.000        0.000        0.000        0.000
   700:        0.000        0.000        0.000        0.000        0.000
   705:        0.000        0.000        0.000        0.000        0.000
   710:        0.000        0.000        0.000        0.000        0.000
   715:        0.000        0.000        0.000        0.000        0.000
   720:        0.000        0.000        0.000        0.000        0.000
   725:        0.000        0.000        0.000        0.000        0.000
   730:        0.000        0.000        0.000        0.000        0.000
   735:        0.000        0.000        0.000        0.000        0.000
   740:        0.000        0.000        0.000        0.000        0.000
   745:        0.000        0.000        0.000        0.000        0.000
   750:        0.000        0.000        0.000        0.000        0.000
   755:        0.000        0.000        0.000        0.000        0.000
   760:        0.000        0.000        0.000        0.000        0.000
   765:        0.000        0.000        0.000        0.000        0.000
   770:        0.000        0.000        0.000        0.000        0.000
   775:        0.000        0.000        0.000        0.000        0.000
   780:        0.000        0.000        0.000        0.000        0.000
   785:        0.000        0.000        0.000        0.000        0.000
   790:        0.000        0.000        0.000        0.000        0.000
   795:        0.000        0.000        0.000        0.000        0.000
K:
     0:       13.000       14.000       12.000       12.000       13.000
     5:       13.000       13.000       14.000       15.000       15.000
    10:       14.000       13.000       14.000       13.000       12.000
    15:       16.000       13.000       13.000       15.000       13.000
    20:       12.000       13.000       14.000       12.000       13.000
    25:       13.000       12.000       13.000       13.000       12.000
    30:       15.000       13.000       12.000       14.000       13.000
    35:       13.000       14.000       14.000       12.000       13.000
    40:       14.000       12.000       16.000       14.000       13.000
    45:        0.000        0.000        0.000        0.000        0.000
    50:        0.000
M:
     0:        1.000        7.000        2.000        7.000        0.000
     5:        3.000      342.000        4.000        2.000        0.000
    10:        5.000       15.000        6.000      226.000        0.000
    15:        0.000        0.000        0.000        0.000        0.000
    20:        1.000        0.012        2.000        0.012        0.000
    25:        3.000        0.571        4.000        0.003        0.000
    30:        5.000        0.025        6.000        0.377
N:
     0:       29.000       41.000       42.000       35.000       43.000
     5:       61.000       37.000       40.000       46.000       41.000
    10:       39.000       40.000       44.000       43.000       38.000
    15:       51.000       49.000       43.000       71.000       45.000
    20:       50.000       47.000       44.000       38.000       57.000
    25:       46.000       44.000       45.000       53.000       67.000
    30:       57.000       36.000       40.000       64.000       59.000
    35:       90.000       73.000       91.000      117.000       51.000
    40:      170.000       84.000       65.000      284.000       45.000
    45:        0.000        0.000        0.000        0.000        0.000
    50:        0.000
T:
     0:        3.000        3.000        3.000        0.000
