File: C:\MED-PC IV\DATA\H1_


Start Date: 10/17/22
End Date: 10/17/22
Subject: H1
Experiment: 0
Group: 0
Box: 1
Start Time:  8:51:19
End Time:  9:15:44
MSN: Fabio Lag 1 (8Rs) 250422
A:       0.000
D:       0.000
E:       0.000
G:      70.000
H:       0.000
I:       0.000
J:       0.000
K:       0.000
L:       0.000
N:       0.000
O:       0.000
P:       0.000
Q:       0.000
R:       0.000
S:       0.000
U:       0.000
W:       0.000
X:       0.000
Y:       0.000
Z:   10000.000
B:
     0:        2.000        2.000        2.000        2.000        2.000
     5:        2.000        2.000        2.000        0.000
C:
     0:        0.000        0.000        3.000        1.000        0.000
     5:      281.000      279.000      560.000       34.747        0.000
    10:       70.000        4.343        0.000        0.000        0.000
    15:       60.000       85.714        3.723        0.000        0.000
    20:       10.000        0.000        0.000      967.000     1353.000
    25:       52.000       16.000        2.000        0.000        0.000
    30:        0.000        0.000        0.000        0.000        0.000
    35:       74.286       22.857        2.857        0.000        0.000
    40:        0.000        0.000        0.000        0.000        0.000
F:
     0: 11111111.000 12222222.000 21111111.000 11111111.000 11111111.000
     5: 22222222.000 11111111.000 22222222.000 11111111.000 22222222.000
    10: 21111111.000 11122222.000 11111111.000 11111222.000 22222222.000
    15: 11111111.000 11111122.000 22222222.000 11111111.000 11111111.000
    20: 22222222.000 22222222.000 22222222.000 11111111.000 11111111.000
    25: 22222222.000 22222222.000 12222222.000 11111111.000 22222222.000
    30: 11111111.000 11111111.000 22222222.000 22222222.000 11111111.000
    35: 22222222.000 11222222.000 22222222.000 11111111.000 22222222.000
    40: 22222222.000 11111111.000 11111111.000 22222222.000 12222222.000
    45: 11111222.000 11111111.000 22222222.000 11111111.000 21112222.000
    50: 11111111.000 22222222.000 11111111.000 22222222.000 11111111.000
    55: 22222222.000 11222222.000 11111111.000 22222222.000 11111111.000
    60: 11122222.000 11111222.000 11111111.000 22222222.000 22111111.000
    65: 11222222.000 22221222.000 11111111.000 11111222.000 22222222.000
    70:        0.000        0.000        0.000        0.000        0.000
    75:        0.000        0.000        0.000        0.000        0.000
    80:        0.000        0.000        0.000        0.000        0.000
    85:        0.000        0.000        0.000        0.000        0.000
    90:        0.000        0.000        0.000        0.000        0.000
    95:        0.000        0.000        0.000        0.000        0.000
   100:        0.000        0.000        0.000        0.000        0.000
   105:        0.000        0.000        0.000        0.000        0.000
   110:        0.000        0.000        0.000        0.000        0.000
   115:        0.000        0.000        0.000        0.000        0.000
   120:        0.000        0.000        0.000        0.000        0.000
   125:        0.000        0.000        0.000        0.000        0.000
   130:        0.000        0.000        0.000        0.000        0.000
   135:        0.000        0.000        0.000        0.000        0.000
   140:        0.000        0.000        0.000        0.000        0.000
   145:        0.000        0.000        0.000        0.000        0.000
   150:        0.000        0.000        0.000        0.000        0.000
   155:        0.000        0.000        0.000        0.000        0.000
   160:        0.000        0.000        0.000        0.000        0.000
   165:        0.000        0.000        0.000        0.000        0.000
   170:        0.000        0.000        0.000        0.000        0.000
   175:        0.000        0.000        0.000        0.000        0.000
   180:        0.000        0.000        0.000        0.000        0.000
   185:        0.000        0.000        0.000        0.000        0.000
   190:        0.000        0.000        0.000        0.000        0.000
   195:        0.000        0.000        0.000        0.000        0.000
M:
     0: 11111111.000       27.000 22222222.000       25.000        0.000
     5:        0.000        0.000 11111122.000        1.000        0.000
    10: 11111222.000        4.000        0.000        0.000        0.000
    15: 11122222.000        2.000 11222222.000        3.000        0.000
    20: 12222222.000        3.000        0.000        0.000        0.000
    25:        0.000        0.000        0.000        0.000        0.000
    30:        0.000        0.000        0.000        0.000        0.000
    35: 22111111.000        1.000 21111111.000        2.000        0.000
    40:        0.000        0.000        0.000        0.000        0.000
    45:        0.000        0.000        0.000        0.000        0.000
    50:        0.000        0.000        0.000        0.000        0.000
    55:        0.000        0.000        0.000        0.000        0.000
    60:        0.000        0.000        0.000        0.000        0.000
    65:        0.000        0.000        0.000        0.000        0.000
    70:        0.000        0.000        0.000        0.000        0.000
    75:        0.000        0.000        0.000        0.000        0.000
    80:        0.000        0.000        0.000        0.000        0.000
    85:        0.000        0.000        0.000        0.000        0.000
    90:        0.000        0.000        0.000        0.000        0.000
    95:        0.000        0.000        0.000        0.000        0.000
   100: 22221222.000        1.000        0.000        0.000        0.000
   105:        0.000        0.000        0.000        0.000        0.000
   110:        0.000        0.000        0.000        0.000        0.000
   115:        0.000        0.000        0.000        0.000        0.000
   120:        0.000        0.000        0.000        0.000        0.000
   125:        0.000        0.000        0.000        0.000        0.000
   130:        0.000        0.000        0.000        0.000        0.000
   135: 21112222.000        1.000        0.000        0.000        0.000
   140:        0.000        0.000        0.000        0.000        0.000
   145:        0.000        0.000        0.000        0.000        0.000
   150:        0.000        0.000        0.000        0.000        0.000
   155:        0.000        0.000        0.000        0.000        0.000
   160:        0.000        0.000        0.000        0.000        0.000
   165:        0.000        0.000        0.000        0.000        0.000
   170:        0.000        0.000        0.000        0.000        0.000
   175:        0.000        0.000        0.000        0.000        0.000
   180:        0.000        0.000        0.000        0.000        0.000
   185:        0.000        0.000        0.000        0.000        0.000
   190:        0.000        0.000        0.000        0.000        0.000
   195:        0.000        0.000        0.000        0.000        0.000
   200:        0.000        0.000        0.000        0.000        0.000
   205:        0.000        0.000        0.000        0.000        0.000
   210:        0.000        0.000        0.000        0.000        0.000
   215:        0.000        0.000        0.000        0.000        0.000
   220:        0.000        0.000        0.000        0.000        0.000
   225:        0.000        0.000        0.000        0.000        0.000
   230:        0.000        0.000        0.000        0.000        0.000
   235:        0.000        0.000        0.000        0.000        0.000
   240:        0.000        0.000        0.000        0.000        0.000
   245:        0.000        0.000        0.000        0.000        0.000
   250:        0.000        0.000        0.000        0.000        0.000
   255:        0.000        0.000        0.000        0.000        0.000
   260:        0.000        0.000        0.000        0.000        0.000
   265:        0.000        0.000        0.000        0.000        0.000
   270:        0.000        0.000        0.000        0.000        0.000
   275:        0.000        0.000        0.000        0.000        0.000
   280:        0.000        0.000        0.000        0.000        0.000
   285:        0.000        0.000        0.000        0.000        0.000
   290:        0.000        0.000        0.000        0.000        0.000
   295:        0.000        0.000        0.000        0.000        0.000
   300:        0.000        0.000        0.000        0.000        0.000
   305:        0.000        0.000        0.000        0.000        0.000
   310:        0.000        0.000        0.000        0.000        0.000
   315:        0.000        0.000        0.000        0.000        0.000
   320:        0.000        0.000        0.000        0.000        0.000
   325:        0.000        0.000        0.000        0.000        0.000
   330:        0.000        0.000        0.000        0.000        0.000
   335:        0.000        0.000        0.000        0.000        0.000
   340:        0.000        0.000        0.000        0.000        0.000
   345:        0.000        0.000        0.000        0.000        0.000
   350:        0.000        0.000        0.000        0.000        0.000
   355:        0.000        0.000        0.000        0.000        0.000
   360:        0.000        0.000        0.000        0.000        0.000
   365:        0.000        0.000        0.000        0.000        0.000
   370:        0.000        0.000        0.000        0.000        0.000
   375:        0.000        0.000        0.000        0.000        0.000
   380:        0.000        0.000        0.000        0.000        0.000
   385:        0.000        0.000        0.000        0.000        0.000
   390:        0.000        0.000        0.000        0.000        0.000
   395:        0.000        0.000        0.000        0.000        0.000
   400:        0.000        0.000        0.000        0.000        0.000
   405:        0.000        0.000        0.000        0.000        0.000
   410:        0.000        0.000        0.000        0.000        0.000
   415:        0.000        0.000        0.000        0.000        0.000
   420:        0.000        0.000        0.000        0.000        0.000
   425:        0.000        0.000        0.000        0.000        0.000
   430:        0.000        0.000        0.000        0.000        0.000
   435:        0.000        0.000        0.000        0.000        0.000
   440:        0.000        0.000        0.000        0.000        0.000
   445:        0.000        0.000        0.000        0.000        0.000
   450:        0.000        0.000        0.000        0.000        0.000
   455:        0.000        0.000        0.000        0.000        0.000
   460:        0.000        0.000        0.000        0.000        0.000
   465:        0.000        0.000        0.000        0.000        0.000
   470:        0.000        0.000        0.000        0.000        0.000
   475:        0.000        0.000        0.000        0.000        0.000
   480:        0.000        0.000        0.000        0.000        0.000
   485:        0.000        0.000        0.000        0.000        0.000
   490:        0.000        0.000        0.000        0.000        0.000
   495:        0.000        0.000        0.000        0.000        0.000
   500:        0.000        0.000        0.000        0.000        0.000
   505:        0.000        0.000        0.000        0.000        0.000
   510:        0.000        0.000        0.000        0.000        0.000
   515:        0.000        0.000        0.000        0.000        0.000
   520:        0.000        0.000        0.000        0.000        0.000
   525:        0.000        0.000        0.000        0.000        0.000
   530:        0.000        0.000        0.000        0.000        0.000
   535:        0.000        0.000        0.000        0.000        0.000
   540:        0.000        0.000        0.000        0.000        0.000
   545:        0.000        0.000        0.000        0.000        0.000
   550:        0.000        0.000        0.000        0.000        0.000
   555:        0.000        0.000        0.000        0.000        0.000
   560:        0.000        0.000        0.000        0.000        0.000
   565:        0.000        0.000        0.000        0.000        0.000
   570:        0.000        0.000        0.000        0.000        0.000
   575:        0.000        0.000        0.000        0.000        0.000
   580:        0.000        0.000        0.000        0.000        0.000
   585:        0.000        0.000        0.000        0.000        0.000
   590:        0.000        0.000        0.000        0.000        0.000
   595:        0.000        0.000        0.000        0.000        0.000
   600:        0.000        0.000        0.000        0.000        0.000
   605:        0.000        0.000        0.000        0.000        0.000
   610:        0.000        0.000        0.000        0.000        0.000
   615:        0.000        0.000        0.000        0.000        0.000
   620:        0.000        0.000        0.000        0.000        0.000
   625:        0.000        0.000        0.000        0.000        0.000
   630:        0.000        0.000        0.000        0.000        0.000
   635:        0.000        0.000        0.000        0.000        0.000
   640: 11111111.000        0.386 22222222.000        0.357        0.000
   645: 11111112.000        0.000 11111122.000        0.014        0.000
   650: 11111222.000        0.057 11112222.000        0.000        0.000
   655: 11122222.000        0.029 11222222.000        0.043        0.000
   660: 12222222.000        0.043 22222221.000        0.000        0.000
   665: 22222211.000        0.000 22222111.000        0.000        0.000
   670: 22221111.000        0.000 22211111.000        0.000        0.000
   675: 22111111.000        0.014 21111111.000        0.029        0.000
   680: 11111121.000        0.000 11111211.000        0.000        0.000
   685: 11111221.000        0.000 11112111.000        0.000        0.000
   690: 11112211.000        0.000 11112221.000        0.000        0.000
   695: 11121111.000        0.000 11122111.000        0.000        0.000
   700: 11122211.000        0.000 11122221.000        0.000        0.000
   705: 11211111.000        0.000 11221111.000        0.000        0.000
   710: 11222111.000        0.000 11222211.000        0.000        0.000
   715: 11222221.000        0.000 12111111.000        0.000        0.000
   720: 12211111.000        0.000 12221111.000        0.000        0.000
   725: 12222111.000        0.000 12222211.000        0.000        0.000
   730: 12222221.000        0.000 22222212.000        0.000        0.000
   735: 22222122.000        0.000 22222112.000        0.000        0.000
   740: 22221222.000        0.014 22221112.000        0.000        0.000
   745: 22221122.000        0.000 22212222.000        0.000        0.000
   750: 22211222.000        0.000 22211122.000        0.000        0.000
   755: 22211112.000        0.000 22122222.000        0.000        0.000
   760: 22112222.000        0.000 22111222.000        0.000        0.000
   765: 22111122.000        0.000 22111112.000        0.000        0.000
   770: 21222222.000        0.000 21122222.000        0.000        0.000
   775: 21112222.000        0.014 21111222.000        0.000        0.000
   780: 21111122.000        0.000 21111112.000        0.000        0.000
   785: 11111212.000        0.000 11112112.000        0.000        0.000
   790: 11112122.000        0.000 11112212.000        0.000        0.000
   795: 11121112.000        0.000 11121122.000        0.000        0.000
   800: 11121222.000        0.000 11122112.000        0.000        0.000
   805: 11122122.000        0.000 11122212.000        0.000        0.000
   810: 11211112.000        0.000 11211122.000        0.000        0.000
   815: 11211222.000        0.000 11212222.000        0.000        0.000
   820: 11221112.000        0.000 11221122.000        0.000        0.000
   825: 11221222.000        0.000 11222112.000        0.000        0.000
   830: 11222122.000        0.000 11222212.000        0.000        0.000
   835: 12111112.000        0.000 12111122.000        0.000        0.000
   840: 12111222.000        0.000 12112222.000        0.000        0.000
   845: 12122222.000        0.000 12211112.000        0.000        0.000
   850: 12211122.000        0.000 12211222.000        0.000        0.000
   855: 12212222.000        0.000 12221112.000        0.000        0.000
   860: 12221122.000        0.000 12221222.000        0.000        0.000
   865: 12222112.000        0.000 12222122.000        0.000        0.000
   870: 12222212.000        0.000 22222121.000        0.000        0.000
   875: 22221211.000        0.000 22221221.000        0.000        0.000
   880: 22221121.000        0.000 22212111.000        0.000        0.000
   885: 22212211.000        0.000 22212221.000        0.000        0.000
   890: 22211211.000        0.000 22211221.000        0.000        0.000
   895: 22211121.000        0.000 22121111.000        0.000        0.000
   900: 22122111.000        0.000 22122211.000        0.000        0.000
   905: 22122221.000        0.000 22112111.000        0.000        0.000
   910: 22112211.000        0.000 22112221.000        0.000        0.000
   915: 22111211.000        0.000 22111221.000        0.000        0.000
   920: 22111121.000        0.000 21211111.000        0.000        0.000
   925: 21221111.000        0.000 21222111.000        0.000        0.000
   930: 21222211.000        0.000 21222221.000        0.000        0.000
   935: 21121111.000        0.000 21122111.000        0.000        0.000
   940: 21122211.000        0.000 21122221.000        0.000        0.000
   945: 21112111.000        0.000 21112211.000        0.000        0.000
   950: 21112221.000        0.000 21111211.000        0.000        0.000
   955: 21111221.000        0.000 21111121.000        0.000        0.000
   960: 11112121.000        0.000 11121211.000        0.000        0.000
   965: 11121221.000        0.000 11121121.000        0.000        0.000
   970: 11122121.000        0.000 11212111.000        0.000        0.000
   975: 11212211.000        0.000 11212221.000        0.000        0.000
   980: 11211211.000        0.000 11211221.000        0.000        0.000
   985: 11211121.000        0.000 11221211.000        0.000        0.000
   990: 11221221.000        0.000 11221121.000        0.000        0.000
   995: 11222121.000        0.000 12121111.000        0.000        0.000
  1000: 12122111.000        0.000 12122211.000        0.000        0.000
  1005: 12122221.000        0.000 12112111.000        0.000        0.000
  1010: 12112211.000        0.000 12112221.000        0.000        0.000
  1015: 12111211.000        0.000 12111221.000        0.000        0.000
  1020: 12111121.000        0.000 12212111.000        0.000        0.000
  1025: 12212211.000        0.000 12212221.000        0.000        0.000
  1030: 12211211.000        0.000 12211221.000        0.000        0.000
  1035: 12211121.000        0.000 12221211.000        0.000        0.000
  1040: 12221221.000        0.000 12221121.000        0.000        0.000
  1045: 12222121.000        0.000 22221212.000        0.000        0.000
  1050: 22212112.000        0.000 22212122.000        0.000        0.000
  1055: 22212212.000        0.000 22211212.000        0.000        0.000
  1060: 22121112.000        0.000 22121122.000        0.000        0.000
  1065: 22121222.000        0.000 22122112.000        0.000        0.000
  1070: 22122122.000        0.000 22122212.000        0.000        0.000
  1075: 22112112.000        0.000 22112122.000        0.000        0.000
  1080: 22112212.000        0.000 22111212.000        0.000        0.000
  1085: 21211112.000        0.000 21211122.000        0.000        0.000
  1090: 21211222.000        0.000 21212222.000        0.000        0.000
  1095: 21221112.000        0.000 21221122.000        0.000        0.000
  1100: 21221222.000        0.000 21222112.000        0.000        0.000
  1105: 21222122.000        0.000 21222212.000        0.000        0.000
  1110: 21121112.000        0.000 21121122.000        0.000        0.000
  1115: 21121222.000        0.000 21122112.000        0.000        0.000
  1120: 21122122.000        0.000 21122212.000        0.000        0.000
  1125: 21111212.000        0.000 21112112.000        0.000        0.000
  1130: 21112122.000        0.000 21112212.000        0.000        0.000
  1135: 11121212.000        0.000 11212112.000        0.000        0.000
  1140: 11212122.000        0.000 11212212.000        0.000        0.000
  1145: 11211212.000        0.000 11221212.000        0.000        0.000
  1150: 12121112.000        0.000 12121122.000        0.000        0.000
  1155: 12121222.000        0.000 12122112.000        0.000        0.000
  1160: 12122122.000        0.000 12122212.000        0.000        0.000
  1165: 12112112.000        0.000 12112122.000        0.000        0.000
  1170: 12112212.000        0.000 12111212.000        0.000        0.000
  1175: 12212112.000        0.000 12212122.000        0.000        0.000
  1180: 12212212.000        0.000 12211212.000        0.000        0.000
  1185: 12221212.000        0.000 22212121.000        0.000        0.000
  1190: 22121211.000        0.000 22121221.000        0.000        0.000
  1195: 22121121.000        0.000 22122121.000        0.000        0.000
  1200: 22112121.000        0.000 21212111.000        0.000        0.000
  1205: 21212211.000        0.000 21212221.000        0.000        0.000
  1210: 21211211.000        0.000 21211221.000        0.000        0.000
  1215: 21211121.000        0.000 21221211.000        0.000        0.000
  1220: 21221221.000        0.000 21221121.000        0.000        0.000
  1225: 21222121.000        0.000 21121211.000        0.000        0.000
  1230: 21121221.000        0.000 21121121.000        0.000        0.000
  1235: 21122121.000        0.000 21112121.000        0.000        0.000
  1240: 11212121.000        0.000 12121211.000        0.000        0.000
  1245: 12121221.000        0.000 12121121.000        0.000        0.000
  1250: 12122121.000        0.000 12112121.000        0.000        0.000
  1255: 12212121.000        0.000 22121212.000        0.000        0.000
  1260: 21121212.000        0.000 21211212.000        0.000        0.000
  1265: 21212112.000        0.000 21212122.000        0.000        0.000
  1270: 21212212.000        0.000 21221212.000        0.000        0.000
  1275: 12121212.000        0.000 21212121.000        0.000        0.000
  1280:        0.000
T:
     0: 22222222.000        0.000        0.000        0.000        0.000
     5:        0.000        0.000        0.000        0.000        0.000
    10:        0.000
V:
     0:        0.000        0.000
