File: C:\MED-PC IV\DATA\L1_


Start Date: 03/19/24
End Date: 03/19/24
Subject: L1
Experiment: 0
Group: 0
Box: 5
Start Time:  8:15:11
End Time:  9:02:29
MSN: Cx5-REP3-FR4-SEQ (tempo)
G:     317.000
H:     951.000
I:     317.000
J:     317.000
L:       0.000
O:      50.000
P:      50.000
Q:       0.000
R:       0.000
S:     317.000
W:       0.000
X:       0.000
Y:       0.000
Z:   10000.000
A:
     0:     2236.001      218.002     2171.003      217.001       22.002
     5:      109.003      123.001      187.002      166.003      136.001
    10:       44.002       44.003       10.001      121.002       21.003
    15:      129.001       86.002       41.003       20.001      104.002
    20:       39.003       38.001      148.002       40.003       42.001
    25:       94.002       22.003      630.001       38.002      223.003
    30:       24.001      100.002       22.003       60.001       83.002
    35:       25.003       49.001      101.002       40.003      136.001
    40:       21.002       64.003       20.001      108.002       23.003
    45:      908.001      235.002       90.003      126.001       97.002
    50:       21.003       80.001       98.002       52.003       50.001
    55:       85.002       21.003      109.001       98.002       31.003
    60:     1445.001       29.002      187.003       11.001       89.002
    65:       56.003       77.001       36.002      291.003       91.001
    70:       42.002       42.003       38.001       91.002       25.003
    75:      105.001       95.002       25.003      467.001      112.002
    80:       28.003      794.001      194.002       78.003      146.001
    85:       44.002       47.003       32.001       78.002       45.003
    90:       24.001      139.002       25.003       93.001       82.002
    95:       22.003      500.001      207.002       53.003      383.001
   100:      108.002       28.003       48.001       74.002      305.003
   105:       86.001       22.002       43.003       14.001       82.002
   110:       31.003       96.001       82.002       49.003      657.001
   115:      113.002       30.003       28.001       89.002       23.003
   120:        6.001       81.002       26.003       31.001       88.002
   125:       24.003      706.001      120.002       22.003        8.001
   130:       68.002       28.003        5.001       81.002       46.003
   135:       65.001       77.002       27.003      607.001      110.002
   140:      184.003      132.001       21.002       99.003       84.001
   145:       37.002       26.003       55.001       72.002       23.003
   150:      111.001      109.002       33.003        9.001       75.002
   155:       87.003       58.001       86.002       22.003      121.001
   160:       77.002       22.003     1024.001      173.002      153.003
   165:      296.001      194.002       22.003       22.001       67.002
   170:       24.003      117.001       69.002       42.003       19.001
   175:       75.002       42.003      759.001      116.002      212.003
   180:       49.001      192.002       23.003       43.001       77.002
   185:       22.003       25.001       74.002       24.003       47.001
   190:       81.002       26.003     1407.001       84.002       29.003
   195:      104.001       30.002       23.003       24.001       66.002
   200:       23.003       19.001       71.002       29.003       20.001
   205:       76.002       69.003      600.001      300.002      149.003
   210:       22.001       66.002       25.003      163.001       44.002
   215:      217.003       65.001       95.002       21.003       77.001
   220:       82.002       25.003      132.001      103.002       40.003
   225:      796.001      408.002       55.003      200.001       84.002
   230:       25.003       10.001       71.002       21.003       69.001
   235:       78.002       29.003      691.001      164.002      161.003
   240:       68.001       55.002       21.003       87.001       76.002
   245:       27.003       93.001       39.002      150.003        6.001
   250:       78.002       42.003       57.001       75.002       30.003
   255:      991.001       34.002       28.003      194.001       23.002
   260:       28.003      112.001       37.002       54.003       30.001
   265:       70.002       27.003       93.001       80.002       55.003
   270:       73.001       84.002       71.003       82.001       97.002
   275:       34.003       92.001       80.002       24.003     1941.001
   280:       96.002       25.003       24.001       57.002       21.003
   285:       71.001       72.002       23.003       22.001       72.002
   290:       63.003      494.001      430.002      132.003       20.001
   295:       82.002       23.003      139.001       73.002       24.003
   300:       81.001       65.002      255.003      151.001       88.002
   305:       27.003      113.001       80.002      110.003      802.001
   310:      132.002       84.003       84.001       69.002       26.003
   315:      314.001      113.002       55.003       74.001       87.002
   320:       51.003      811.001      100.002       53.003       14.001
   325:       73.002       23.003      123.001       74.002       25.003
   330:      102.001       52.002       23.003       73.001       79.002
   335:       57.003      632.001      334.002       97.003       99.001
   340:       26.002       23.003       98.001       68.002       22.003
   345:       67.001       72.002       23.003      103.001       29.002
   350:       38.003       34.001      101.002       38.003       89.001
   355:       77.002       50.003      894.001      464.002      246.003
   360:       72.001       21.002       23.003       66.001       68.002
   365:       29.003      100.001       73.002       29.003       46.001
   370:       97.002       51.003       39.001       84.002       22.003
   375:      654.001       98.002       34.003      213.001       27.002
   380:       21.003       55.001       74.002       33.003       87.001
   385:       71.002       49.003       73.001       63.002       57.003
   390:      107.001       69.002       35.003       36.001       73.002
   395:       91.003      923.001      766.002       69.003       78.001
   400:       38.002       23.003       93.001      109.002       22.003
   405:      107.001       70.002       61.003       79.001       59.002
   410:       93.003        1.001       79.002       52.003       39.001
   415:       83.002       80.003     1286.001      224.002      100.003
   420:        1.001       65.002       28.003      182.001       34.002
   425:      157.003       25.001       86.002       44.003      142.001
   430:       26.002       29.003       43.001       81.002       47.003
   435:      128.001       84.002       52.003      819.001      335.002
   440:       95.003      123.001       66.002       28.003      137.001
   445:       42.002      173.003       94.001       27.002       26.003
   450:       32.001       87.002       62.003       66.001       75.002
   455:       92.003       54.001       79.002       68.003      759.001
   460:      125.002      274.003      665.001      111.002       22.003
   465:       29.001       80.002       21.003       39.001       74.002
   470:       35.003        6.001       70.002       63.003      488.001
   475:      212.002       47.003       78.001       77.002       24.003
   480:       74.001       73.002       41.003       28.001       72.002
   485:      162.003      570.001      169.002       34.003       53.001
   490:       73.002       35.003        7.001       85.002       44.003
   495:       34.001       79.002      185.003       90.001       44.002
   500:       40.003       37.001      134.002       31.003     1688.001
   505:      218.002       22.003       98.001       61.002       65.003
   510:       19.001       71.002       22.003       66.001       70.002
   515:       69.003      737.001      340.002      105.003      154.001
   520:       44.002       21.003       55.001       74.002       51.003
   525:       40.001       75.002       56.003       96.001      159.002
   530:       81.003       13.001      170.002       23.003     2931.001
   535:      261.002       32.003       47.001      130.002       59.003
   540:      118.001       54.002       23.003       51.001       77.002
   545:       60.003        8.001      137.002       74.003       73.001
   550:       85.002       46.003      779.001      375.002      182.003
   555:      237.001       34.002       27.003       46.001       66.002
   560:       33.003       21.001      129.002       42.003       18.001
   565:      133.002       21.003       47.001       98.002       27.003
   570:      613.001      802.002      111.003      159.001       37.002
   575:      229.003      166.001       84.002       70.003       73.001
   580:       73.002       93.003      140.001       85.002       29.003
   585:       34.001       76.002       26.003      133.001       96.002
   590:       87.003       46.001      123.002      195.003       32.001
   595:       23.002       44.003       11.001       87.002       56.003
   600:      776.001      199.002       89.003      111.001       26.002
   605:       27.003      126.001       73.002      227.003       86.001
   610:       59.002       64.003       45.001       74.002       94.003
   615:       11.001       88.002       23.003      119.001       74.002
   620:       77.003       49.001       93.002       64.003     1547.001
   625:       97.002       40.003       90.001      106.002       36.003
   630:      125.001       71.002       31.003       21.001       74.002
   635:       46.003      858.001      107.002       33.003      172.001
   640:       21.002       29.003       71.001       21.002       26.003
   645:      102.001       29.002       27.003       28.001       72.002
   650:       28.003       76.001       91.002       34.003       88.001
   655:       74.002       51.003      204.001      101.002       25.003
   660:       30.001       89.002       28.003      862.001      105.002
   665:       38.003      116.001       47.002       29.003       92.001
   670:       25.002       22.003       43.001       72.002       61.003
   675:        1.001       76.002       89.003       26.001       79.002
   680:       66.003     1187.001      232.002       24.003      151.001
   685:       72.002       38.003      146.001       60.002      303.003
   690:      135.001       91.002       24.003      107.001       91.002
   695:       87.003     1014.001       86.002      154.003       66.001
   700:       74.002       33.003        1.001       82.002       92.003
   705:       67.001       93.002       53.003       22.001       67.002
   710:       24.003      506.001      197.002       29.003       45.001
   715:       75.002       36.003       44.001       66.002       64.003
   720:       82.001       92.002       23.003       32.001       74.002
   725:       71.003      607.001      309.002       84.003        6.001
   730:      103.002       34.003       84.001       70.002       54.003
   735:       32.001       63.002      101.003       29.001       59.002
   740:       22.003      835.001      152.002       41.003      164.001
   745:       38.002       59.003       32.001       63.002       67.003
   750:       17.001       79.002       72.003       45.001      100.002
   755:      103.003     1435.001      116.002       38.003       29.001
   760:       74.002       35.003       33.001       78.002       79.003
   765:      128.001       96.002       59.003       91.001       26.002
   770:       52.003       35.001       87.002      103.003      706.001
   775:      301.002      109.003      103.001       67.002       38.003
   780:       89.001       64.002       35.003       15.001       82.002
   785:       77.003      124.001      104.002       97.003      968.001
   790:      292.002       26.003       33.001       63.002       34.003
   795:       40.001       79.002       43.003       24.001       83.002
   800:       99.003      671.001       34.002      270.003      136.001
   805:       27.002       25.003       22.001       85.002       76.003
   810:      114.001       25.002       73.003       46.001       84.002
   815:       46.003       81.001       77.002       28.003      159.001
   820:       82.002       34.003     1118.001      675.002       47.003
   825:      195.001       28.002       32.003       64.001       90.002
   830:       33.003       82.001      136.002       36.003      149.001
   835:      279.002      256.003      186.001      205.002       26.003
   840:      133.001       67.002      199.003      122.001      216.002
   845:       30.003      823.001       30.002       33.003      192.001
   850:       45.002      370.003      150.001       94.002       26.003
   855:       80.001       45.002       78.003      149.001       27.002
   860:       39.003      218.001      358.002      128.003       11.001
   865:       48.002       24.003      256.001       34.002      119.003
   870:      433.001      150.002      295.003     2772.001      163.002
   875:      421.003      187.001       59.002       57.003      885.001
   880:      108.002      143.003      206.001       99.002       26.003
   885:      233.001      379.002      649.003      499.001       51.002
   890:       44.003     1520.001       98.002       67.003      197.001
   895:      419.002    10906.003      586.001      118.002      139.003
   900:     6079.001      895.002      121.003      512.001      104.002
   905:       69.003      630.001    14119.002      106.003      682.001
   910:      330.002       94.003      465.001      274.002       54.003
   915:     1020.001       46.002       37.003      235.001      173.002
   920:       38.003      182.001      146.002       21.003       13.001
   925:       31.002       27.003       92.001       25.002       36.003
   930:       64.001      137.002       40.003      410.001      129.002
   935:       22.003      351.001       29.002       40.003      128.001
   940:      111.002       25.003      169.001      107.002       26.003
   945:       42.001      263.002      149.003      162.001      113.002
   950:       65.003        0.000        0.000        0.000        0.000
   955:        0.000        0.000        0.000        0.000        0.000
   960:        0.000        0.000        0.000        0.000        0.000
   965:        0.000        0.000        0.000        0.000        0.000
   970:        0.000        0.000        0.000        0.000        0.000
   975:        0.000        0.000        0.000        0.000        0.000
   980:        0.000        0.000        0.000        0.000        0.000
   985:        0.000        0.000        0.000        0.000        0.000
   990:        0.000        0.000        0.000        0.000        0.000
   995:        0.000        0.000        0.000        0.000        0.000
  1000:        0.000        0.000        0.000        0.000        0.000
  1005:        0.000        0.000        0.000        0.000        0.000
  1010:        0.000        0.000        0.000        0.000        0.000
  1015:        0.000        0.000        0.000        0.000        0.000
  1020:        0.000        0.000        0.000        0.000        0.000
  1025:        0.000        0.000        0.000        0.000        0.000
  1030:        0.000        0.000        0.000        0.000        0.000
  1035:        0.000        0.000        0.000        0.000        0.000
  1040:        0.000        0.000        0.000        0.000        0.000
  1045:        0.000        0.000        0.000        0.000        0.000
  1050:        0.000        0.000        0.000        0.000        0.000
  1055:        0.000        0.000        0.000        0.000        0.000
  1060:        0.000        0.000        0.000        0.000        0.000
  1065:        0.000        0.000        0.000        0.000        0.000
  1070:        0.000        0.000        0.000        0.000        0.000
  1075:        0.000        0.000        0.000        0.000        0.000
  1080:        0.000        0.000        0.000        0.000        0.000
  1085:        0.000        0.000        0.000        0.000        0.000
  1090:        0.000        0.000        0.000        0.000        0.000
  1095:        0.000        0.000        0.000        0.000        0.000
  1100:        0.000        0.000        0.000        0.000        0.000
  1105:        0.000        0.000        0.000        0.000        0.000
  1110:        0.000        0.000        0.000        0.000        0.000
  1115:        0.000        0.000        0.000        0.000        0.000
  1120:        0.000        0.000        0.000        0.000        0.000
  1125:        0.000        0.000        0.000        0.000        0.000
  1130:        0.000        0.000        0.000        0.000        0.000
  1135:        0.000        0.000        0.000        0.000        0.000
  1140:        0.000        0.000        0.000        0.000        0.000
  1145:        0.000        0.000        0.000        0.000        0.000
  1150:        0.000        0.000        0.000        0.000        0.000
  1155:        0.000        0.000        0.000        0.000        0.000
  1160:        0.000        0.000        0.000        0.000        0.000
  1165:        0.000        0.000        0.000        0.000        0.000
  1170:        0.000        0.000        0.000        0.000        0.000
  1175:        0.000        0.000        0.000        0.000        0.000
  1180:        0.000        0.000        0.000        0.000        0.000
  1185:        0.000        0.000        0.000        0.000        0.000
  1190:        0.000        0.000        0.000        0.000        0.000
  1195:        0.000        0.000        0.000
B:
     0:        6.000        3.000        3.000        0.000
C:
     0:        0.000        0.000        0.000      668.000        0.000
     5:        0.000      286.000        7.000      117.000       57.000
    10:      954.000       36.205     1138.000      317.000       12.023
    15:       50.000       15.773        1.896        0.000        0.000
    20:      149.000       47.003        5.651        0.000        0.000
    25:      115.000       36.278        4.359        0.000        0.000
    30:     1583.000     2552.000        0.000        0.000        0.000
    35:      209.000        0.000      209.000        0.000        0.000
    40:        2.000        0.000        0.000        0.000        0.000
    45:        0.000        0.000        0.000        0.000        0.000
    50:       67.000      234.000       16.000        0.000        0.000
    55:       21.136       73.817        5.047        0.000        0.000
    60:        0.000        0.000        0.000        0.000        0.000
D:
     0:     2389.000      131.000      353.000       88.000      142.000
     5:      127.000      143.000      188.000      116.000      261.000
    10:      122.000      108.000      141.000       85.000      131.000
    15:      325.000      118.000      150.000      106.000      129.000
    20:      216.000      145.000      327.000       84.000      116.000
    25:      120.000      140.000      272.000       91.000      123.000
    30:      164.000      104.000      260.000      136.000      379.000
    35:       65.000      113.000      131.000      143.000      112.000
    40:      107.000      112.000      142.000       96.000      127.000
    45:      104.000      294.000      120.000       63.000       95.000
    50:      142.000      162.000      108.000       99.000      326.000
    55:      216.000       91.000      111.000      117.000      328.000
    60:      215.000       99.000       98.000      107.000      113.000
    65:       53.000       89.000      100.000      145.000      449.000
    70:       91.000      261.000      116.000      107.000      143.000
    75:      463.000      109.000       92.000      107.000      325.000
    80:       76.000      103.000      189.000      120.000      105.000
    85:       62.000       51.000       91.000       97.000      135.000
    90:      155.000      131.000      104.000      121.000       78.000
    95:       95.000      135.000      562.000      105.000       97.000
   100:      320.000      115.000      190.000      216.000       95.000
   105:      168.000      138.000      153.000       96.000       99.000
   110:       75.000      136.000      431.000       49.000       90.000
   115:       95.000       67.000      139.000      127.000      710.000
   120:       44.000       97.000      102.000      148.000      106.000
   125:      132.000       48.000      107.000      120.000      120.000
   130:      104.000      164.000      835.000       61.000      131.000
   135:      131.000      152.000      131.000      163.000      324.000
   140:       93.000      191.000      130.000       55.000      128.000
   145:      136.000      430.000       94.000      215.000       53.000
   150:      149.000      167.000      147.000      399.000      133.000
   155:      101.000      109.000      133.000      259.000      101.000
   160:      114.000      234.000      203.000      108.000      129.000
   165:      264.000       84.000      165.000      240.000      126.000
   170:       93.000      139.000      445.000       65.000      125.000
   175:      131.000      240.000      193.000      293.000      189.000
   180:       77.000      137.000      211.000      131.000      557.000
   185:       61.000       99.000      171.000      154.000      125.000
   190:      913.000      266.000      154.000      166.000      114.000
   195:      102.000      183.000      318.000       67.000      143.000
   200:      288.000       53.000      300.000      123.000      168.000
   205:      111.000      151.000      157.000      137.000      142.000
   210:      102.000      120.000      140.000       50.000       47.000
   215:       56.000      100.000      125.000      125.000      126.000
   220:      117.000      143.000       76.000       47.000      133.000
   225:      165.000      145.000      256.000      110.000      363.000
   230:      115.000      178.000      240.000      107.000      174.000
   235:      146.000       91.000      226.000      111.000      130.000
   240:      115.000      145.000      393.000      137.000      124.000
   245:      164.000       81.000      193.000       97.000      130.000
   250:      151.000      203.000      154.000      109.000      157.000
   255:      155.000       78.000      190.000      410.000      105.000
   260:       99.000      159.000      201.000      318.000       97.000
   265:      122.000      182.000      304.000       52.000      161.000
   270:       98.000      130.000      105.000      116.000      722.000
   275:       60.000      123.000      172.000      535.000      231.000
   280:      266.000      246.000       63.000      415.000      120.000
   285:      123.000       66.000      486.000       72.000      153.000
   290:      445.000      584.000      116.000      251.000      125.000
   295:     1028.000       95.000      165.000    11325.000      257.000
   300:     1016.000      173.000    14225.000      424.000      328.000
   305:       83.000      211.000      167.000       58.000       61.000
   310:      177.000      151.000       69.000      136.000      133.000
   315:      412.000      178.000        0.000        0.000        0.000
   320:        0.000        0.000        0.000        0.000        0.000
   325:        0.000        0.000        0.000        0.000        0.000
   330:        0.000        0.000        0.000        0.000        0.000
   335:        0.000        0.000        0.000        0.000        0.000
   340:        0.000        0.000        0.000        0.000        0.000
   345:        0.000        0.000        0.000        0.000        0.000
   350:        0.000        0.000        0.000        0.000        0.000
   355:        0.000        0.000        0.000        0.000        0.000
   360:        0.000        0.000        0.000        0.000        0.000
   365:        0.000        0.000        0.000        0.000        0.000
   370:        0.000        0.000        0.000        0.000        0.000
   375:        0.000        0.000        0.000        0.000        0.000
   380:        0.000        0.000        0.000        0.000        0.000
   385:        0.000        0.000        0.000        0.000        0.000
   390:        0.000        0.000        0.000        0.000        0.000
   395:        0.000        0.000        0.000        0.000        0.000
E:
     0:        3.000        3.000        3.000        3.000        3.000
     5:        2.000        2.000        2.000        1.000        3.000
    10:        2.000        2.000        2.000        3.000        1.000
    15:        3.000        2.000        2.000        2.000        1.000
    20:        3.000        2.000        2.000        3.000        2.000
    25:        1.000        2.000        3.000        3.000        2.000
    30:        2.000        1.000        2.000        2.000        3.000
    35:        3.000        2.000        1.000        2.000        2.000
    40:        2.000        1.000        2.000        2.000        2.000
    45:        1.000        3.000        3.000        3.000        3.000
    50:        2.000        2.000        2.000        1.000        3.000
    55:        2.000        2.000        2.000        1.000        3.000
    60:        2.000        2.000        2.000        1.000        2.000
    65:        3.000        2.000        2.000        1.000        3.000
    70:        2.000        3.000        2.000        2.000        1.000
    75:        2.000        2.000        2.000        1.000        3.000
    80:        2.000        2.000        3.000        2.000        1.000
    85:        3.000        3.000        3.000        3.000        2.000
    90:        2.000        2.000        1.000        2.000        2.000
    95:        2.000        1.000        3.000        2.000        2.000
   100:        3.000        2.000        1.000        2.000        2.000
   105:        2.000        1.000        2.000        2.000        2.000
   110:        3.000        1.000        3.000        3.000        2.000
   115:        2.000        3.000        2.000        1.000        3.000
   120:        3.000        2.000        2.000        2.000        1.000
   125:        2.000        3.000        2.000        2.000        3.000
   130:        3.000        1.000        3.000        3.000        2.000
   135:        2.000        3.000        2.000        1.000        3.000
   140:        2.000        3.000        2.000        3.000        2.000
   145:        1.000        3.000        2.000        3.000        3.000
   150:        2.000        2.000        1.000        3.000        2.000
   155:        2.000        2.000        1.000        2.000        2.000
   160:        2.000        1.000        2.000        2.000        2.000
   165:        3.000        3.000        1.000        2.000        2.000
   170:        2.000        1.000        3.000        3.000        2.000
   175:        2.000        2.000        1.000        3.000        2.000
   180:        3.000        2.000        2.000        1.000        3.000
   185:        3.000        2.000        2.000        2.000        1.000
   190:        3.000        3.000        2.000        3.000        3.000
   195:        2.000        2.000        3.000        3.000        1.000
   200:        2.000        3.000        3.000        3.000        3.000
   205:        2.000        2.000        1.000        2.000        2.000
   210:        2.000        1.000        2.000        3.000        3.000
   215:        3.000        3.000        2.000        2.000        3.000
   220:        1.000        2.000        3.000        3.000        2.000
   225:        2.000        1.000        2.000        2.000        3.000
   230:        2.000        1.000        3.000        2.000        2.000
   235:        2.000        1.000        2.000        2.000        2.000
   240:        3.000        1.000        3.000        2.000        2.000
   245:        2.000        1.000        2.000        3.000        2.000
   250:        2.000        1.000        2.000        2.000        2.000
   255:        3.000        3.000        1.000        3.000        2.000
   260:        2.000        2.000        1.000        2.000        2.000
   265:        2.000        1.000        3.000        3.000        2.000
   270:        3.000        2.000        2.000        1.000        3.000
   275:        3.000        2.000        2.000        3.000        2.000
   280:        3.000        1.000        3.000        2.000        3.000
   285:        3.000        3.000        3.000        3.000        3.000
   290:        3.000        3.000        3.000        3.000        3.000
   295:        3.000        3.000        3.000        3.000        3.000
   300:        3.000        3.000        3.000        3.000        3.000
   305:        3.000        2.000        2.000        3.000        3.000
   310:        1.000        2.000        3.000        2.000        2.000
   315:        3.000        1.000        0.000        0.000        0.000
   320:        0.000        0.000        0.000        0.000        0.000
   325:        0.000        0.000        0.000        0.000        0.000
   330:        0.000        0.000        0.000        0.000        0.000
   335:        0.000        0.000        0.000        0.000        0.000
   340:        0.000        0.000        0.000        0.000        0.000
   345:        0.000        0.000        0.000        0.000        0.000
   350:        0.000        0.000        0.000        0.000        0.000
   355:        0.000        0.000        0.000        0.000        0.000
   360:        0.000        0.000        0.000        0.000        0.000
   365:        0.000        0.000        0.000        0.000        0.000
   370:        0.000        0.000        0.000        0.000        0.000
   375:        0.000        0.000        0.000        0.000        0.000
   380:        0.000        0.000        0.000        0.000        0.000
   385:        0.000        0.000        0.000        0.000        0.000
   390:        0.000        0.000        0.000        0.000        0.000
   395:        0.000        0.000        0.000        0.000        0.000
F:
     0:      633.000      666.000      363.000      333.000      633.000
     5:      633.000      633.000      633.000      633.000      336.000
    10:      633.000      633.000      633.000      333.000      633.000
    15:      363.000      633.000      633.000      633.000      633.000
    20:      336.000      633.000      336.000      333.000      633.000
    25:      633.000      633.000      363.000      333.000      633.000
    30:      633.000      633.000      633.000      633.000      636.000
    35:      333.000      633.000      633.000      633.000      633.000
    40:      633.000      633.000      633.000      633.000      633.000
    45:      633.000      636.000      663.000      333.000      633.000
    50:      633.000      633.000      633.000      633.000      636.000
    55:      633.000      633.000      633.000      633.000      636.000
    60:      633.000      633.000      633.000      633.000      633.000
    65:      333.000      633.000      633.000      633.000      663.000
    70:      633.000      336.000      633.000      633.000      633.000
    75:      633.000      633.000      633.000      633.000      636.000
    80:      633.000      633.000      333.000      633.000      633.000
    85:      333.000      333.000      333.000      633.000      633.000
    90:      633.000      633.000      633.000      633.000      633.000
    95:      633.000      633.000      663.000      633.000      633.000
   100:      336.000      633.000      633.000      633.000      633.000
   105:      633.000      633.000      633.000      633.000      633.000
   110:      333.000      633.000      663.000      333.000      633.000
   115:      633.000      333.000      633.000      633.000      636.000
   120:      333.000      633.000      633.000      633.000      633.000
   125:      633.000      333.000      633.000      633.000      333.000
   130:      333.000      633.000      663.000      333.000      633.000
   135:      633.000      333.000      633.000      633.000      363.000
   140:      633.000      336.000      633.000      333.000      633.000
   145:      633.000      663.000      633.000      336.000      333.000
   150:      633.000      633.000      633.000      636.000      633.000
   155:      633.000      633.000      633.000      633.000      633.000
   160:      633.000      633.000      633.000      633.000      633.000
   165:      636.000      333.000      633.000      633.000      633.000
   170:      633.000      633.000      663.000      333.000      633.000
   175:      633.000      633.000      633.000      333.000      633.000
   180:      333.000      633.000      633.000      633.000      636.000
   185:      333.000      633.000      633.000      633.000      633.000
   190:      663.000      336.000      633.000      333.000      333.000
   195:      633.000      633.000      636.000      333.000      633.000
   200:      633.000      333.000      336.000      333.000      633.000
   205:      633.000      633.000      633.000      633.000      633.000
   210:      633.000      633.000      633.000      333.000      333.000
   215:      333.000      633.000      633.000      633.000      333.000
   220:      633.000      633.000      333.000      333.000      633.000
   225:      633.000      633.000      633.000      633.000      336.000
   230:      633.000      633.000      663.000      633.000      633.000
   235:      633.000      633.000      633.000      633.000      633.000
   240:      333.000      633.000      663.000      633.000      633.000
   245:      633.000      633.000      633.000      333.000      633.000
   250:      633.000      633.000      633.000      633.000      633.000
   255:      333.000      333.000      633.000      663.000      633.000
   260:      633.000      633.000      633.000      633.000      633.000
   265:      633.000      633.000      333.000      333.000      633.000
   270:      333.000      633.000      633.000      633.000      333.000
   275:      333.000      633.000      633.000      663.000      633.000
   280:      336.000      633.000      333.000      336.000      333.000
   285:      666.000      333.000      633.000      333.000      666.000
   290:      336.000      663.000      333.000      333.000      333.000
   295:      363.000      333.000      333.000      633.000      333.000
   300:      333.000      333.000      333.000      633.000      366.000
   305:      333.000      633.000      633.000      333.000      333.000
   310:      633.000      633.000      333.000      633.000      633.000
   315:      363.000      633.000        0.000        0.000        0.000
   320:        0.000        0.000        0.000        0.000        0.000
   325:        0.000        0.000        0.000        0.000        0.000
   330:        0.000        0.000        0.000        0.000        0.000
   335:        0.000        0.000        0.000        0.000        0.000
   340:        0.000        0.000        0.000        0.000        0.000
   345:        0.000        0.000        0.000        0.000        0.000
   350:        0.000        0.000        0.000        0.000        0.000
   355:        0.000        0.000        0.000        0.000        0.000
   360:        0.000        0.000        0.000        0.000        0.000
   365:        0.000        0.000        0.000        0.000        0.000
   370:        0.000        0.000        0.000        0.000        0.000
   375:        0.000        0.000        0.000        0.000        0.000
   380:        0.000        0.000        0.000        0.000        0.000
   385:        0.000        0.000        0.000        0.000        0.000
   390:        0.000        0.000        0.000        0.000        0.000
   395:        0.000        0.000        0.000        0.000        0.000
K:
     0:        9.000        6.000        5.000        6.000        6.000
     5:        6.000        4.000        4.000        8.000        5.000
    10:        5.000        5.000        6.000        4.000        6.000
    15:        8.000        4.000        6.000        4.000        5.000
    20:        7.000        6.000        7.000        7.000        7.000
    25:        7.000        5.000        4.000        6.000        4.000
    30:        6.000        6.000        6.000       10.000        8.000
    35:        4.000        9.000        6.000        5.000        5.000
    40:        5.000        5.000        5.000        6.000        5.000
    45:        4.000        7.000        8.000       29.000        6.000
    50:        0.000
M:
     0:      333.000       64.000      336.000       13.000        0.000
     5:      363.000        6.000      366.000        1.000        0.000
    10:      666.000        3.000      663.000       13.000        0.000
    15:      636.000       10.000      633.000      207.000        0.000
    20:        0.000        0.000        0.000        0.000        0.000
    25:      333.000        0.202      336.000        0.041        0.000
    30:      363.000        0.019      366.000        0.003        0.000
    35:      666.000        0.009      663.000        0.041        0.000
    40:      636.000        0.032      633.000        0.653        0.000
N:
     0:       84.000       29.000       30.000       39.000       36.000
     5:       33.000       19.000       19.000       38.000       32.000
    10:       27.000       30.000       33.000       25.000       30.000
    15:       41.000       32.000       35.000       26.000       26.000
    20:       35.000       35.000       34.000       43.000       42.000
    25:       39.000       33.000       20.000       29.000       31.000
    30:       34.000       54.000       34.000       58.000       42.000
    35:       30.000       43.000       30.000       36.000       28.000
    40:       23.000       26.000       28.000       37.000       29.000
    45:       25.000       35.000       60.000      584.000       35.000
    50:        0.000
T:
     0:      633.000      363.000      633.000        0.000
U:
     0:     4625.000      348.000      476.000      224.000      152.000
     5:      256.000      163.000      226.000      158.000      891.000
    10:      146.000      168.000      190.000      221.000      151.000
    15:     1233.000      244.000      230.000      156.000      238.000
    20:     1661.000      156.000      404.000      175.000      154.000
    25:      225.000      607.000     1066.000      237.000      155.000
    30:      188.000      197.000      760.000      519.000      427.000
    35:      151.000      127.000      227.000      800.000      140.000
    40:      113.000      143.000      848.000      104.000      132.000
    45:      169.000      901.000      252.000      147.000      150.000
    50:      253.000      171.000      166.000      220.000     1350.000
    55:      512.000      113.000      228.000      136.000     1087.000
    60:      264.000      142.000      123.000      154.000     1520.000
    65:      157.000      113.000      119.000      165.000     1049.000
    70:      113.000      424.000      181.000      184.000      275.000
    75:     1259.000      309.000      102.000      176.000     1016.000
    80:      144.000      190.000      282.000      126.000      162.000
    85:     1053.000      245.000      203.000      127.000      228.000
    90:      228.000      213.000      196.000     2062.000      102.000
    95:      166.000      157.000     1056.000      125.000      236.000
   100:      401.000      266.000      303.000     1018.000      179.000
   105:      482.000      212.000      964.000      110.000      222.000
   110:      177.000      209.000     1063.000      148.000      188.000
   115:      162.000      170.000      173.000      216.000     1604.000
   120:      116.000      163.000      202.000      194.000      145.000
   125:      786.000      261.000      162.000      207.000      193.000
   130:      211.000      200.000     1758.000      139.000      224.000
   135:      238.000      231.000      132.000      202.000     1610.000
   140:       94.000      373.000      155.000      197.000      171.000
   145:      264.000     1249.000      217.000      352.000      147.000
   150:      181.000      233.000      201.000     1158.000      798.000
   155:      130.000      148.000      139.000      747.000      179.000
   160:      188.000      262.000      773.000      161.000      136.000
   165:      298.000      174.000      202.000     1928.000      224.000
   170:      112.000      205.000     1182.000      219.000      180.000
   175:      171.000      336.000      206.000     3224.000      236.000
   180:      195.000      188.000      219.000      204.000     1336.000
   185:      298.000      145.000      192.000      172.000      172.000
   190:     1526.000      425.000      320.000      239.000      254.000
   195:      136.000      316.000      364.000       99.000      154.000
   200:     1064.000      164.000      426.000      209.000      213.000
   205:      122.000      270.000      206.000     1684.000      232.000
   210:      227.000      141.000      998.000      222.000      118.000
   215:      158.000      128.000      201.000      213.000      330.000
   220:      147.000     1005.000      192.000      139.000      176.000
   225:      166.000      171.000     1443.000      261.000      509.000
   230:      250.000      285.000     1254.000      173.000      175.000
   235:      213.000      113.000      732.000      156.000      174.000
   240:      197.000      177.000     1000.000      143.000      208.000
   245:      196.000      110.000     1028.000      261.000      162.000
   250:      168.000      248.000     1589.000      138.000      190.000
   255:      283.000      169.000      225.000     1116.000      208.000
   260:      188.000      174.000      325.000     1286.000      130.000
   265:      162.000      206.000      975.000      188.000      183.000
   270:      212.000      176.000      186.000      275.000     1840.000
   275:      255.000      187.000      254.000      684.000      417.000
   280:      399.000      368.000      886.000      607.000      270.000
   285:      203.000      215.000      704.000       83.000      409.000
   290:      878.000     3356.000      303.000     1136.000      331.000
   295:     1261.000      594.000     1685.000    11522.000      843.000
   300:     7095.000      685.000    14855.000     1106.000      793.000
   305:     1103.000      446.000      349.000       71.000      153.000
   310:      241.000      561.000      420.000      264.000      302.000
   315:      454.000      340.000        0.000        0.000        0.000
   320:        0.000        0.000        0.000        0.000        0.000
   325:        0.000        0.000        0.000        0.000        0.000
   330:        0.000        0.000        0.000        0.000        0.000
   335:        0.000        0.000        0.000        0.000        0.000
   340:        0.000        0.000        0.000        0.000        0.000
   345:        0.000        0.000        0.000        0.000        0.000
   350:        0.000        0.000        0.000        0.000        0.000
   355:        0.000        0.000        0.000        0.000        0.000
   360:        0.000        0.000        0.000        0.000        0.000
   365:        0.000        0.000        0.000        0.000        0.000
   370:        0.000        0.000        0.000        0.000        0.000
   375:        0.000        0.000        0.000        0.000        0.000
   380:        0.000        0.000        0.000        0.000        0.000
   385:        0.000        0.000        0.000        0.000        0.000
   390:        0.000        0.000        0.000        0.000        0.000
   395:        0.000        0.000        0.000        0.000        0.000
V:
     0:        0.000        0.000        0.000
